07374000
07364200
03399800
07364185
07263012
03381700
07346000
07281600
07077000
07349860
07099973
06921350
03320000
06926510
07022000
07076517
03316500
06821500
07020500
07176000
05593000
07076750
07359002
07260500
03314500
03250500
07010000
384037104472001
07288500
03381500
03505550
07047950
07077555
383619104520401
03478400
05586100
06852500
07344370
03288110
03360000
05587450
03308500
06919020
07342500
07249455
07060500
05594100
07030050
06935965
07198000
05597000
05211000
06934500
03298500
05518000
05599490
07383500
07288650
07290000
06775500
07156900
03377500
07288280
07039500
07341200
07382000
05357206
05520500
07169500
06919900
07288955
07029500
05508000
06903900
03251500
03584600
06775900
05507800
07289730
07215500
07245000
05517500
07194500
03212750
07074500
07339000
03203600
03267000
03234300
06430770
05453520
03247500
07369680
03341300
05345000
410121081330300
03376500
05517530
410014081362600
05454500
06906200
07312100
07249413
05474500
06409000
05428500
03475000
07362000
07174400
03167000
05357230
05429500
05401050
07340000
05076000
05046000
06835500
03303280
03281000
06836500
03373500
05455700
05490500
05568500
05515500
03375500
06792500
07137000
03124500
03286500
07030392
07292500
03342000
07138070
07031650
03294500
05517000
07274000
07026040
06449000
07227100
03374000
05357245
07285500
07216500
07074420
03213700
05489500
07130500
05420460
03245500
05127500
06909000
05425912
07027720
06434505
03565500
03383000
07331600
03473000
07170500
03578500
05355200
07175500
05420500
07030500
07364133
03202750
07227500
07291000
07069000
06402000
03150000
03474000
06834000
07369000
05430500
05488500
03201405
06828500
03270000
06430850
07031692
394839104570300
03269500
05488110
03214500
03497300
06449500
03601990
03330500
03471500
07337000
05425500
03068800
03331753
07182510
03488000
07032200
07166500
03287000
06906500
06470000
07077380
03287250
03290500
06253000
03101500
03598000
03228805
07311900
07191500
05357215
03331500
03277200
03106300
03015000
05465500
03102500
05527500
03287500
07369500
03074500
03253500
06876900
05592000
03069500
03149500
03173000
401733105392404
05129290
07165570
07372200
03212980
03225500
03198350
03466208
07170990
03588500
03510577
06915000
03052500
07047942
03408500
03266560
07360200
03436690
03267900
03353120
07373000
05243725
384048104504901
03129000
03330241
07096250
03142000
06890900
03140500
07072500
05014500
07268000
03491000
05446500
401723105400000
03185400
03202400
06895500
07164500
03237020
07361500
03285000
03141870
03210000
03599500
03048500
03436100
03341500
05592100
06464500
03176500
05129115
05245100
03250322
03575100
03216500
05429700
03361650
03136500
07335500
03198500
05426067
03234500
03433500
03085500
06875900
07171000
07338500
03113990
06898000
03540500
03010655
05362000
03065000
03232500
05357225
03337000
06874000
07183000
06449100
07024000
05502000
03010500
03276500
07372050
03599240
03183500
072632971
03401000
07063000
05578500
07283000
05426000
07311800
03193000
03175500
03151400
03007800
03260706
03610200
06479770
03284000
06088500
05424057
05289800
06843500
07177500
03578000
03051000
06018500
05336700
06040800
05437500
06893000
03539600
07152500
03434500
07010208
05532000
03500000
06461500
05051522
03467609
05304500
06701900
07312110
06808500
07368000
03320500
06823000
03011020
03241500
06154400
05311000
07064000
03302050
03011800
03325000
05530000
03034500
05316580
05051500
03184000
03052000
07385700
03289000
03327500
05587900
05357335
06908000
03277300
03240000
06174500
06818000
03271000
06477000
06476000
07366200
06470500
03446000
03282060
07050500
03054500
393109104464500
03329000
06412810
03301500
06827500
03360500
03369500
07001910
07230000
03310300
05465000
07025400
07240000
0345577330
03067510
07344493
07260673
07261000
06917240
03260100
06823500
07289350
03282290
07178000
03336000
03333450
03432400
03050000
03049800
05558300
03198000
03061500
03574500
05536290
08013000
03376300
05427085
03371500
03209500
06824000
05017500
03503000
06038500
06844500
06746110
05588000
06759500
03337100
03277075
03322900
03380500
03456500
03550000
06429997
03091500
05474000
03168000
03250190
03226800
03282000
07295500
03346500
05536195
03340500
06883000
03424730
07362100
03421000
05471050
03208950
07363500
03197000
06813500
06821150
03339280
07054080
03165000
06634620
03529500
03451000
07343200
08013500
07359610
03053500
05378500
03307000
07352000
07121500
03049500
05301000
05413500
07167500
03082500
03294570
410433081312500
07028960
07249920
06902000
03298250
06326500
07043500
03518500
05473450
06730200
05079000
05536340
07251500
03062500
03351310
07179730
03212500
07103980
05543500
06768000
05592500
03298150
06606600
03576250
03186500
05570910
03456100
05540195
03042000
06720990
05552500
03106500
03023100
03200500
05443500
07263295
07099970
05482000
03604000
03410210
07335790
07247000
03191500
03081000
05423500
05124480
03075070
06847500
03586500
05123400
03597590
05440000
07336200
03280700
03165500
06115200
07052000
03056250
03187500
07343000
05540095
03112000
07124410
05394500
05545750
05481650
03228300
03350700
07375800
05439500
07056515
03291780
06077200
05313500
08012000
03140000
03026500
03274000
06891500
06108800
06470878
03118500
07297910
03353200
06913000
05524500
03182500
05430175
03539800
0344894205
03086000
06308500
07362587
05369500
07197360
03217000
07363000
06478500
06402430
05536275
07164600
05387500
05594800
03072000
05525000
06221400
07178200
07375280
03362000
03301000
07010070
07010090
05331833
03171000
07050690
05300000
07147070
03185000
06037500
03220000
07329780
07138020
03333050
03111500
05054000
06873460
05522500
05288705
08014500
03083500
06821080
05459500
03428200
06657000
05592900
06904500
07351500
07338750
03155000
07334000
05483600
05595820
07106500
03512000
03045000
05293000
06475000
06869500
07326000
05516500
07208500
06917560
03159500
06720820
05316500
06796500
06857100
05125000
03460795
03455500
06479525
03237280
03303300
06464100
06447500
05551330
07024500
07064533
06879650
07243500
03020500
07180500
07103990
06188000
05540160
03300400
05440700
05453100
03228500
05404000
03504000
03432350
05080000
05432500
05087500
07331300
03094000
07103797
05488200
03061000
07346070
05356500
05437050
05434500
07263300
06894000
06774000
06480000
03238772
03275000
03456991
06465500
03513000
03161000
06164510
07264000
05342000
03455000
07250935
06905500
05527800
03072655
06227600
03281500
06827000
06817000
03189100
05540250
03450000
07377000
05387440
05551675
03568933
05406500
06892360
03612000
06410500
06912500
05365500
06865500
03289200
05595200
03459500
03180500
05470000
03076500
06837000
05544200
03539778
03298550
05485500
06713500
07316500
03254550
07185000
05536179
07052120
0351706800
07363200
06481000
07311700
06768035
07105490
05433000
05426250
03368000
06807000
03302680
03106000
05292000
05457000
03223425
03527000
05536265
03479000
05356000
03231500
06890100
05457700
06916600
06785000
03102850
06708800
05542000
07069305
06887500
06712000
07340300
03179000
05294000
06483500
07052152
03036500
05438500
07348700
03014500
06888000
05536255
05454220
03343400
05122000
06602400
05090000
03252300
03251200
06228000
06877600
05353800
06279940
03021350
05131500
05536215
03098600
06600900
05393500
07161450
05576000
03328000
06793000
07376500
06903700
06752280
06674500
06610000
07021000
07071500
05568000
05594450
03042500
07145500
06906000
06770200
03093000
05506800
03602500
06608500
03353000
06821190
06918740
05483450
05381000
03157500
07187000
07342480
06019500
03015500
06108000
05551540
06910800
07072000
03024000
06796000
07363400
06224000
05471000
07109500
03324000
06913500
05536235
03409500
07065495
07184000
06431500
07239300
06339500
06935955
03164000
06752260
03229500
05395000
08010000
03066000
05580950
06751150
06809210
03415000
03076600
05454300
05583000
06801000
06204050
03042280
05582000
03117500
03228750
03465500
05458300
03213500
072632982
05411850
03040000
03378550
07139000
05572000
06038800
05526000
03335500
03453000
05369000
06935980
05539900
07325800
03426470
06773500
07301420
03205470
05533000
03498850
06324500
05462000
07335300
06710150
03080000
07346045
03324300
06880800
03298135
06770500
06897500
06876700
05484500
06809500
05587000
05451700
06764880
06917060
05444000
06402500
05059300
07133000
06751490
03192000
07056000
03207800
05422600
06889200
03277130
06810000
05247500
06730500
05451900
05452200
06819500
07329852
06879100
06819185
03177710
05464500
06935850
03144000
05550500
03460000
05340500
07195000
03443000
07065200
05124000
05592050
05094000
03463300
07180400
07325000
03366500
05112000
06630000
03221000
05548280
03078000
05242300
05050000
07075300
03328500
03361850
05066500
03107500
06601200
06856000
03262001
05286000
05531300
05464000
03111548
06805500
06917000
07056700
03413200
05473400
05540060
05325000
07104905
05412400
05360500
03384450
03105500
06041000
07010180
05594000
06893390
03194700
06918460
03075500
03340800
07211500
03508050
06486000
03352953
03230800
03349510
03145000
06101500
05514860
07327550
05536190
05368000
03611260
05063398
03034000
06054500
07124200
07019072
06794000
06605000
05315000
06036940
05471500
06436000
05059310
03431700
03261950
07052100
07247500
07183500
05419000
06720460
06741510
03357330
03031500
05383075
05059480
07019317
03219500
06935770
07252000
06482000
06428500
05481300
05059000
07016500
07337900
05435500
03361500
05463000
07376000
05099400
06036905
07179500
03264000
06447000
03116077
05126210
05414000
05540130
06799445
03230500
072632962
06625000
06892513
05593575
05570000
05535000
05030500
05458500
05275000
03528000
05059500
07160000
03274650
05427718
03298200
03295400
03378000
07172000
07185095
03238745
03108000
07301110
07010022
07331000
05408000
07019000
05099600
06307500
07207000
03118000
06601000
03431060
06927000
05227500
03382100
06856600
05397500
07160350
03606500
05484800
07378500
06479010
06482020
03302030
07316000
05506100
07195430
06274300
05062500
06306300
03110000
05422000
03170000
07145700
06307616
06918440
05527950
03079000
03535000
06863500
03292470
03041500
03244936
06814000
402114105350101
05551200
05435943
05540275
06919500
05476000
05514840
07049000
05451210
03531500
03439000
07206000
06903400
03229610
05451500
07249800
07237500
06126500
05106000
07106300
07324400
06289000
03301900
06901500
06906800
05504800
03297900
07104000
03303000
07314900
07185765
05400760
07061270
06888350
03295890
05100000
07332390
06209500
05344500
05427948
03109500
03025500
06281000
07014500
03263000
06478690
07128500
03326500
03302800
06914990
06607500
07257500
05372995
03206600
07230500
03336645
06473000
06803530
07185090
06447450
06450500
07048600
06339100
07335700
05500000
03070500
06600100
06185500
06820500
07157500
03270500
05537500
05331000
06803170
07169800
03379500
05430150
05535500
05592575
05412500
03302000
05212700
07151000
07142300
05270500
07019090
07103970
07261500
05320000
05584500
05560500
06130500
03115400
06078200
07160500
07247250
03431300
07165562
05533400
07010097
05482300
05389400
07141780
05567500
06453600
03038000
03227500
07327447
05452000
03339000
05061500
07010094
06935890
03498500
06452000
05593945
03302220
07134180
05455100
05107500
03237500
07234000
06422500
06472000
07186000
07188000
03275600
05379500
05539000
05092000
07298500
06342500
07203000
06893100
05133500
05595730
07138000
06446500
06020600
06710385
03406500
03229796
06485500
06718550
05556500
03364000
05507600
07207500
03209000
07103780
05470500
07375500
07119500
06915800
07105500
05543830
07158000
05388250
03524000
06853500
03441000
03353500
05405000
03335000
07010055
06470800
03532000
05064000
05551700
03298300
06709530
06794650
03453500
03289193
05454000
05579500
07356000
07052500
07144200
07312500
03329700
05486490
05514500
05469000
06799500
07105800
06607200
05502500
07311000
03364500
05597500
05569500
05383950
07328180
03282040
06918493
06866500
07177650
06294500
07153000
07105530
05576500
05568800
06478600
06279500
05512500
05529500
05291000
06344600
07375960
07116500
06411500
06412500
05464220
06936475
03292474
07010030
07142575
05498150
06235500
05481950
03351500
03294000
05288500
07015720
07332500
05058000
06918060
06889000
06935830
05496000
06889500
07105900
05573540
07177800
07188885
06714215
07019220
03287600
05482500
03353620
05410490
06906150
055451345
07182250
07152000
03378635
06033000
06309200
07103800
05471200
06721000
03032500
06807410
05399500
06605850
06911490
07105000
05503800
05389000
05455500
03139000
06806500
05485605
05476750
07010082
05484900
06803520
06892495
05085000
06089000
06430500
06600500
06287000
05537980
03353611
05480500
06936530
06838000
06479500
05487980
03041029
07197000
06768020
03208500
05590050
03451500
06934000
03030500
05104500
05530990
06887000
07103700
07019120
07228000
05382000
05484650
07195500
05506350
07144480
06120500
07195800
07106000
05487470
03029500
06026500
05084000
06917630
03261500
07343500
07159100
05585000
06479438
07145200
07300000
03352500
06620000
07179795
05448000
05370000
05531500
05592800
06186500
07263580
06192500
05082500
06899500
05082625
07010061
05439000
06622700
03447687
05402000
07010075
06447230
03336900
05320500
05485640
05481000
05479000
03262000
07108900
03298000
05057000
07326500
05330000
03404000
03291500
03345500
03353600
06804000
03272700
06884200
03110830
05120000
05467000
07229200
06910750
07137500
03339500
06043500
06795500
07324200
05418500
05270700
07231000
07308200
06670500
06893150
05046475
05064500
05132000
06191500
06709000
06294000
06317000
05591200
03431599
03157000
07242000
05391000
07147800
06614800
07126300
05058700
06845110
05536000
06921070
06407500
07037300
06446700
06065500
03301940
07301300
06609500
06200000
07055646
05528500
07141220
07258500
07067000
06469400
07010035
05338500
05427850
05466000
03292480
05280000
05127000
06893578
05453000
06909500
06893620
05244000
07146500
05053000
06471000
05579725
05287890
07231500
06468250
06891260
05532500
06090300
06799315
06893557
06892000
06036650
07250974
03289300
05593900
06285100
07052345
06933500
06817700
06769000
05449500
06892350
06403300
07079300
07019150
06893300
05540500
05497150
06884000
06769525
07241520
05333500
07124000
03230450
06109500
03334000
06477500
05061000
03028000
05555300
03348130
06923950
07238000
07301410
05484000
06873000
05528000
06632400
07053250
06169500
06882000
07315700
03288100
07019195
06445685
05577500
07191000
06862700
06914950
06935755
06191000
07010086
06360500
06481480
03294550
07188653
03347000
06414000
07195400
03117000
05495000
07151500
07018100
05057200
06177000
05070000
06483290
03272000
05447500
06441500
06466500
07196900
05060500
07311500
06099500
07315500
06066500
03354000
05489000
06900050
06878000
07299890
03262700
03349000
07165565
07325850
07018500
07176500
05416900
06891000
05051300
06799350
05267000
06811500
06479215
05591550
07075000
03334500
07195855
07239450
03363900
06800500
05078000
06025500
06181000
06183450
06885500
07300500
05550300
07050700
06911900
06463500
06893500
05466500
06862850
05525500
07068000
06803555
06437020
06468170
05486000
03159540
06799000
06090800
06037100
07048550
07035000
06436180
05418400
07005000
03265000
07314500
06719505
03362500
07328500
07196500
03272100
03358000
03357350
06804700
05534500
07019185
07301500
06884400
06864500
07257006
07249400
07189000
05458900
06897000
07149000
07325840
06881000
06790500
07052250
06815000
07189100
06327500
03146500
07061900
05591700
05412020
07081200
06884025
03266000
03284525
05059700
05421740
03289500
05421000
06786000
07013000
06893080
05502300
03353800
05438283
06187915
06800000
06466400
05554500
07307028
07242380
05060100
07188838
06482610
06928300
07195865
05319500
05113600
06928000
07328100
07191222
07189540
05436500
07247015
06860000
07055875
06421500
06882510
07191288
06803486
07058000
06853800
06797500
06799100
07142680
07196000
03363500
07315200
05431486
05062000
06205000
05407000
06471200
06846500
05078230
06930000
07241800
03351000
07327442
07239500
06426500
05590950
03346000
07191160
06218500
06772898
07233500
03292500
06438000
06921200
06710247
071912213
06803080
07194800
07202500
06437000
05056000
07148400
07035800
06847900
05117500
06214500
05501000
05054500
06438500
07250965
05535070
06349500
06340500
06935997
06195600
05317000
06348300
07308500
07141900
07299540
05580000
07140850
05116500
06471500
06309000
05458000
07312200
06861000
06433000
07017200
07141200
05463500
06295000
05069000
03293000
05536500
06335500
06436198
07235000
07241550
06932000
06073500
06440200
07036100
06623800
07143300
07103703
06871500
06425100
06052500
06062500
06331000
06342260
07053810
06446000
06208500
07189542
06930060
07154500
06867000
06329500
07191220
05414820
06868200
06881380
06349000
06772775
07218000
07144780
06803000
07191179
07141300
07066000
07143330
05116000
07249985
05078500
07325860
07060710
05472500
05508805
06207500
06803495
05529000
06635000
05590800
07037500
07144100
05055300
05114000
06716100
06863000
06803513
07305000
06784000
07061500
05495500
06395000
07144300
06436190
06406500
06357800
07299670
06888500
06716500
06803500
06425500
06345780
06404000
06406000
06762500
06715000
06345500
07303400
06872500
07239700
07241000
07019175
06336000
06869950
07144910
06481500
06711565
07083000
06803510
07157950
07143665
07057500
03365500
06866900
06848500
06356500
06332515
06354580
07144550
06359500
05120500
06340000
06355500
06803093
06871000
06337000
06334500
06471800
06404998
06423500
07143672
06400000
07143375
06353000
06403700
06400875
07303000
06352000
07227000
06350000
06354000
06351200
