07374000
07364200
07364185
07281600
03381700
03399800
07263012
07346000
07349860
07076517
07077000
07260500
06921350
06926510
07022000
03505550
03320000
07020500
07176000
03314500
03316500
07099973
07077555
03478400
07359002
07344370
07010000
05593000
383619104520401
07047950
07030050
05586100
07076750
03250500
06821500
07288500
05587450
03360000
03381500
03288110
07290000
07383500
07288955
05594100
07198000
05211000
03341300
06935965
06919020
06903900
384037104472001
03298500
07249455
05518000
07215500
05520500
05597000
07289730
06934500
05507800
07342500
05599490
07039500
07060500
03308500
03267000
07339000
03377500
07382000
03212750
07341200
03375500
06775500
05454500
07169500
05508000
03251500
05428500
05453520
07156900
03203600
07288280
06409000
03584600
06430770
07245000
410121081330300
07216500
05517530
07292500
07362000
07285500
06835500
07174400
06906200
07312100
06828500
07194500
05517500
07029500
03234300
03247500
05455700
03376500
06919900
05429500
07074500
07291000
07138070
06834000
06852500
05425912
05401050
03281000
07331600
05568500
07249413
07137000
410014081362600
03466208
06775900
05076000
07364133
03294500
03342000
03270000
03303280
07369680
03269500
06836500
05345000
05474500
07130500
03475000
07340000
07069000
05489500
07074420
03106300
03373500
07175500
03245500
03374000
07337000
03052500
03565500
03167000
07373000
05490500
03150000
07288650
03124500
05420500
07166500
07170500
05592000
05425500
05488500
05488110
05357245
05420460
03277200
07227100
03213700
05127500
03267900
03510577
03253500
07047942
05046000
03266560
06449000
03202750
03331500
03578500
05465500
03331753
05357206
03286500
06915000
07372200
03201405
06402000
06430850
05515500
06909000
07027720
07072500
07064000
07031650
07369000
06906500
05357230
03290500
03140500
03212980
07274000
03101500
07363500
07026040
03287000
03320500
05532000
07164500
03176500
03408500
07165570
401733105392404
06434505
03467609
05527500
07369500
07335500
06823000
03129000
05430500
07063000
03491000
07170990
05357215
03185400
03330500
03289000
07375280
06746110
06088500
03474000
03598000
03173000
05355200
05517000
03214500
03601990
03341500
06470000
03488000
05245100
03237020
06843500
03048500
07030392
03210000
03225500
03473000
05592100
03034500
06792500
05311000
03287500
394839104570300
03015000
05426067
03500000
03287250
03198350
07182510
05429700
03136500
03102500
03232500
03198500
03074500
401723105400000
06339500
05545750
03202400
03193000
06895500
06890900
03155000
03436100
03353120
05243725
03327500
03436690
03550000
03383000
07179730
03234500
03336000
03310300
05594800
06449500
07031692
03068800
05301000
03151400
07263300
06036940
06824000
03497300
06876900
03575100
03361650
03240000
03149500
07030500
06823500
03276500
03209500
384048104504901
03410210
07377000
07230000
03277300
07311800
03456500
03325000
03588500
07171000
06917560
03329000
05336700
05051500
03504000
05378500
03216500
03228805
05424057
06657000
07368000
03302050
03014500
03433500
03260706
05446500
06875900
05129115
05316580
05304500
05288705
06634620
05536195
06898000
06808500
03298250
06464500
07001910
06893000
03277075
05289800
03045000
03010655
03118500
03285000
05587900
06479770
07311900
03067510
03069500
03330241
06874000
06461500
07152500
03451000
07103980
03142000
07376500
03165000
03540500
03171000
07077380
06154400
06827500
06040800
07361500
03301500
05051522
03226800
07191500
07177500
05540195
07010208
03599500
07183000
07024000
07227500
07133000
03015500
07344493
03011800
03337000
03376300
03574500
06837000
03282290
07096250
05576000
03049800
03026500
07372050
07054080
07208500
03197000
07099970
03230800
07032200
03228300
07338500
05125000
07385700
06449100
07240000
03198000
03471500
05030500
07184000
05362000
03350700
05588000
06883000
07249920
03508050
06857100
03184000
06018500
06908000
03175500
06935955
05443500
07351500
06892513
05578500
06720990
03371500
03183500
06326500
05483600
03051000
05558300
07178000
03010500
07343000
03238772
07316500
03054500
05595200
03284000
06818000
03228500
03113990
03513000
07043500
03007800
03061000
03529500
03460795
05124480
07052000
03260100
03056250
06174500
410433081312500
03021350
05357225
06221400
07261000
06813500
05502000
03241500
03518500
05426000
05437500
03282060
05531300
03450000
072632971
05536290
05536190
03586500
03180500
07069305
03168000
03050000
03271000
05471050
05427085
06701900
03031500
07268000
05551540
08013000
03049500
03479000
03434500
06429997
06892360
05544200
03116077
03340500
06844500
06713500
03200500
03141870
05079000
03085500
07050690
06477000
06476000
05440700
03432400
07197360
06865500
05530000
03599240
03111500
05300000
03578000
03275000
07147070
06751490
03610200
03539600
03081000
07360200
06037500
07010094
03498850
05536340
07363400
03503000
03053500
06768020
07338750
03250322
03091500
07295500
07363200
07289350
393109104464500
05474000
05473450
05552500
05413500
03165500
03456100
07250935
06402430
03274000
03333450
06918060
05583000
03086000
07297910
03072655
05551330
03251200
05357335
07312110
05286000
06253000
03409500
07352000
06077200
03062500
03117000
07072000
05433000
03353200
03301000
06204050
05570000
05313500
03369500
03250190
05536179
05465000
07010070
06019500
06917240
06879650
05580950
07138020
03361850
05430175
03093000
03187500
07362100
03539800
06891500
03378550
07251500
03207800
05594450
03217000
03361500
03065000
03020500
0344894205
03052000
03346500
05394500
07328180
05316500
07325000
03159500
03075070
03360500
06821150
06847500
05582000
05080000
07329780
03456991
07106500
03337100
05389400
07010090
05131500
03401000
03157500
03576250
05017500
05543500
03231500
03597590
05387500
03282000
08013500
03098600
05014500
03212500
06817000
06912500
03082500
03568933
03186500
05275000
05568000
0345577330
05482000
07366200
06674500
03189100
03061500
03030500
05592500
06108800
06902000
03324000
06894000
06605000
03076600
07337900
03083500
03604000
07264000
03328000
03459500
06480000
06785000
07028960
03463300
07103990
03453000
05247500
03280700
03421000
07121500
06287000
07283000
07178200
03220000
03439000
05057200
05112000
07103797
05483450
06479525
05453100
03298150
05484500
07260673
03034000
06464100
03289193
03228750
03292474
05592050
07247500
07324400
05315000
03351310
05569500
06038500
06410500
06602400
03298550
05576500
03339280
05393500
03406500
05531500
03042000
05540160
05452200
06880800
03298135
06730200
03192000
05054000
05540095
03036500
03076500
06115200
05066500
06887500
06020600
03011020
07052120
06935980
05100000
05481650
07071500
03024000
05459500
03161000
05482500
06873460
03539778
06809500
06481000
06821190
06913000
06447500
05584500
07207000
05090000
07342480
03446000
05440000
05356500
05419000
03378000
06935890
03223425
03025500
07325800
03209000
06801000
07064533
07109500
03527000
05423500
06294500
05129290
05457000
03333050
03465500
07056515
03042500
06741510
03094000
05536235
06759500
03336645
03289200
06827000
07167500
03023100
07331300
03300400
05099600
05451900
03303300
06821080
03109500
06764880
06625000
03307000
05369500
03612000
07185000
06773500
06720460
05126210
07346070
03164000
07335790
05427948
05293000
06483500
06888000
03106000
06710150
06890100
06308500
05212700
07172000
07334000
03443000
06431500
03252300
06469400
07169800
07348700
06796500
03455500
03353620
06917000
06752260
03291780
03208950
08014500
07139000
05427718
07247000
06889500
03185000
06889200
07025400
07375800
03205470
05439500
05463000
05370000
03144000
03106500
03229610
07105490
05540060
07021000
07298500
0351706800
07230500
06903400
07263295
06892495
03191500
07187000
03432350
06478500
03413200
03336900
06712000
07052152
05451500
07010061
06917060
05387440
07336200
03229500
03262001
03284525
05427850
06807000
06809210
06600100
05540275
07124410
03380500
06810000
07010180
03238745
07311700
06402500
05457700
05454220
05404000
07164600
05587000
05536275
08012000
07014500
06904500
06412810
05372995
05381000
03362500
07206000
06819185
03431700
03424730
06910800
06913500
06769000
05570910
03261950
07019000
06486000
05539900
07180500
05594000
03281500
06752280
05369000
06610000
07016500
05426250
03431300
05488200
05454300
06906000
03512000
07363000
05063398
06935850
05395000
06888350
05389000
06730500
05542000
03292470
07203000
05536255
05411850
07185090
03335500
05242300
03179000
06796000
05551675
03298200
07179500
05123400
06342500
05579500
07010097
05092000
03112000
06774000
06600500
06101500
05476000
07065495
07137500
05568800
05353800
05087500
03118000
05470000
03453500
06814000
03140000
03111548
06708800
06608500
07329852
05595820
03042280
03282040
05473400
07128500
07019072
402114105350101
07182250
03431060
03270500
05514860
06606600
05422600
05514500
05592900
05122000
03528000
03080000
05292000
07142300
07119500
06909500
05342000
05099400
06224000
03107500
07324200
03428200
06819500
07050500
05550500
03261500
05061500
06428500
07157500
05471000
06475000
07019220
06856000
07195800
05577500
07108900
03535000
03340800
06279940
05085000
05585000
03602500
07247250
05331833
06838000
07052100
06344600
05391000
05536265
06600900
03366500
03353000
07202500
06856600
07346045
03335000
05484900
03426470
05430150
03075500
03227500
07185095
03110830
03072000
05597500
05485500
06805500
03078000
06033000
06853500
05507600
05514840
03170000
05532500
07024500
05527950
05325000
05356000
06906800
07065200
06887000
07144200
05451700
03295890
06916600
05397500
06607200
03404000
06630000
06893390
07160350
06470500
07375960
08010000
06935830
03237280
05573540
05458900
05406500
07141780
03353600
06903700
06436000
05365500
06866500
06228000
07326000
05556500
03294570
07343200
03105500
03326500
07183500
07362587
06768035
03368000
06768000
05471500
05481950
05434500
07106300
07165565
05408000
05512500
06108000
05094000
05058000
06893557
06036905
06482020
07177800
03287600
06877600
07186000
03349510
07147800
06869500
07314900
07211500
05399500
03221000
07335700
06164510
07161450
07010030
06340500
072632982
06878000
05059480
05458300
05540130
07180400
07263580
03328500
07145500
06794000
03293000
06285100
03460000
05383075
06227600
07151000
06422500
06879100
05344500
03254550
05124000
07185765
05537500
07188000
03324300
05059500
03117500
06927000
05540250
06041000
06803530
07243500
03219500
03455000
06936530
03182500
05485640
06889000
06601200
05059310
07116500
05444000
03041500
07056700
03070500
07237500
06126500
03532000
03524000
07104905
03159540
05464220
05470500
05432500
05536215
06935770
07138000
07375500
05320000
06936475
05484800
06465500
06817700
06893100
03110000
05451210
05132000
06804000
06901500
06905500
05227500
05458500
06412500
05050000
03302220
07104000
03108000
07311500
07145700
06411500
07343500
03447687
05422000
03382100
05051300
06609500
07010082
07134180
03177710
06770500
05331000
07103970
06324500
03213500
03079000
07327550
07010022
06803170
03353611
03145000
06089000
03498500
06799445
07327447
07376000
07019120
03384450
06038800
05270500
03352953
03357330
06917630
03297900
05059000
06882000
07010055
03379500
05535500
05435943
07105800
03194700
05059300
03347000
05455100
05593945
05593575
05107500
03041029
05294000
06934000
06281000
05572000
03322900
07359610
07340300
07301110
03365500
05400760
06820500
05046475
07301420
05533400
05485605
06799350
06447000
03451500
07261500
07356000
07056000
07105000
07158000
05536500
05551200
05537980
03415000
06430500
06209500
03431599
07124200
06918460
05287890
06307616
06797500
07160500
07010035
05506800
06863500
03295400
03301940
06130500
05592575
03302800
06447230
03531500
07075300
06876700
05412400
05288500
07335300
06891260
03346000
05590050
06188000
03264000
05591200
05484650
06043500
07160000
05133500
06471000
03102850
03266000
05061000
07015720
06436180
06770200
06710385
05496000
06897500
06769525
05481000
03028000
06799500
03230450
07018500
05407000
05340500
07316000
05064000
03139000
05058700
07055646
03263000
07165562
05062000
06799000
06447450
07238000
06186500
07378500
03302680
07234000
07142575
06881000
03029500
07144480
05481300
06446500
07191000
06479500
05082500
03208500
06414000
07067000
05486490
06888500
07153000
07326500
07308200
06339100
05084000
05438500
07105900
05410490
05244000
03298300
05437050
05448000
07018100
03301900
05106000
05435500
05330000
05529500
06751150
06307500
03038000
05388250
05526000
05464500
07105500
07242000
05267000
07325840
06799315
06453600
05467000
05360500
07143665
06470878
07311000
06793000
06473000
05529000
07331000
05462000
07019090
03277130
06811500
06601000
03362000
03353500
06452000
06620000
06911900
06804700
03206600
06709530
07152000
07179795
07035000
05516500
06025500
03040000
07258500
06062500
05482300
07103700
03275600
072632962
05447500
07207500
05495000
03274650
03441000
06200000
05414820
05579725
05469000
06786000
03032500
07019150
05113600
07301300
06884000
07019185
06181000
05533000
05280000
06919500
03294550
05466000
03272000
03611260
06437020
05078230
06037100
07144100
05551700
03302030
07195430
07249800
06910750
06807410
05405000
03272100
03157000
05506100
03343400
05338500
05062500
07195855
05543830
06933500
06078200
05439000
06871500
05453000
03303000
05060500
06185500
05535000
06918740
07159100
05595730
07068000
06054500
07049000
07229200
06235500
03292480
06918440
06026500
06790500
06893150
03244936
03291500
07019317
06120500
06478690
03352500
07332390
06407500
07312500
06893500
05104500
06450500
06073500
05525000
06306300
06614800
07250974
07105530
03115400
06670500
05421740
06036650
05484000
03230500
05438283
05455500
06483290
07188653
06893620
07149000
07143300
03351500
05064500
05550300
06463500
07300000
06800500
05383950
05555300
07257006
03262700
05379500
07176500
05504800
06928000
05471200
05382000
06915800
06468250
06918493
03262000
07106000
06090300
05592800
05057000
03329700
03066000
03334000
05368000
05567500
05554500
05479000
06709000
07188885
05059700
05454000
05530990
06485500
07177650
07061270
07231500
06794650
06868200
05320500
03146500
06845110
07010086
06935755
07299890
05070000
06803555
05116500
06914990
03289300
06289000
06169500
07325850
03265000
05501000
03237500
06800000
03298000
06860000
07005000
05120000
05539000
07144910
07103800
05593900
07314500
05498150
05487470
06899500
05487980
06065500
05476750
07143672
03292500
03345500
07124000
05449500
07126300
06892000
06403300
06441500
05412500
07010075
03294000
06317000
06720820
06345500
06853800
05053000
06893578
07195000
05591700
05506350
05402000
05270700
03289500
06795500
06718550
05540500
06932000
07231000
05536000
06327500
07301410
06803520
06436190
06861000
06716500
05436500
06183450
05486000
06893300
05452000
06892350
03229796
05317000
03606500
06864500
06360500
03348130
07257500
05527800
05502500
05127000
07058000
03357350
03349000
06099500
05421000
05082625
07103780
03339000
06479438
05319500
06897000
06893080
07218000
07195500
06309200
05333500
06342260
05414000
07332500
06891000
06191000
05580000
05056000
06468170
06466500
05431486
06632400
06714215
06882510
07188838
03339500
05500000
07315700
06446700
03272700
06482000
06900050
06445685
06881380
07083000
05534500
03378635
05458000
03354000
07141900
07233500
06345780
06191500
07191160
05466500
03288100
06935997
07141220
06357800
05508805
07019195
05463500
06815000
07146500
07151500
06862700
06607500
06884025
07079300
06923950
06906150
07252000
05528500
06885500
06479010
07048600
05291000
05418400
07328500
06066500
07325860
07315500
03364000
07239300
07189000
05522500
05528000
07053250
06762500
07249400
07301500
07052250
06605850
06436198
07328100
07299540
07300500
07307028
06472000
07250965
05590950
06192500
06466400
06195600
07308500
03363500
06803080
07140850
06799100
06921070
07061900
06884200
07157950
06478600
06873000
07191222
07239450
055451345
06177000
03334500
06052500
05503800
05524500
06862850
05525500
05078000
06470800
06803495
07048550
07312200
05535070
03364500
07036100
05502300
07144300
05548280
06109500
07103703
07247015
06884400
07195400
05418500
06279500
07191179
06421500
06803000
07075000
07242380
06425100
06481480
07013000
06437000
06719505
05054500
06482610
07197000
05480500
06433000
06274300
06090800
06205000
05120500
06803513
06911490
03351000
07148400
03302000
07035800
07066000
07142680
06426500
06395000
05055300
07235000
05497150
05412020
06715000
07196500
05495500
071912213
07228000
05464000
07191220
03363900
07052500
06622700
03353800
05416900
05591550
06716100
06806500
07037300
06803500
06294000
07052345
07189540
07017200
06295000
07196900
06846500
07145200
07189100
06477500
06481500
07241800
05560500
05114000
06446000
06479215
06867000
06349500
06848500
07144550
07154500
05489000
06331000
07241520
07241550
07196000
06340000
07060710
07195865
06803093
06871000
06438000
07053810
06847900
07315200
07239500
06214500
05117500
06803486
06869950
06872500
07303400
06406000
06914950
07141200
07061500
06440200
07239700
07327442
06332515
07055875
06772898
06710247
06309000
07305000
07191288
07194800
07019175
07050700
06438500
06721000
07144780
06930060
06218500
07241000
03358000
06784000
05078500
07081200
05069000
06471500
05116000
07299670
06635000
06187915
07189542
05060100
06471200
05472500
07141300
06208500
05590800
07057500
07143375
06329500
06406500
06772775
06928300
06863000
06207500
06404000
07037500
06921200
06803510
06930000
07249985
06348300
06354580
06623800
06711565
06334500
06349000
06471800
06866900
06335500
06425500
06337000
06423500
06355500
07143330
06404998
06356500
06359500
06403700
06336000
07303000
06400000
06351200
06352000
06353000
07227000
06354000
06400875
06350000
